Using gpu: 1
0 80.03 0.4382 0.3692
   79.63 0.4379
1 85.38 0.3411 0.4032
   85.46 0.3368
2 86.63 0.3181 0.4321
   78.83 0.4702
3 87.42 0.3045 0.3646
   76.94 0.4959
4 87.63 0.2937 0.2665
   82.52 0.3995
5 88.21 0.2849 0.2601
   69.76 0.7608
6 88.65 0.2755 0.2433
   73.04 0.6242
7 88.94 0.2689 0.2384
   85.14 0.3388
8 89.28 0.2604 0.4511
   80.62 0.4398
9 89.68 0.2555 0.3719
   80.92 0.4548
10 90.21 0.2443 0.3218
   84.00 0.3746
11 90.03 0.2436 0.2854
   81.96 0.4231
12 90.61 0.2319 0.2950
   83.44 0.4020
13 90.77 0.2279 0.3127
   82.85 0.4213
14 91.56 0.2181 0.3451
   84.95 0.3579
15 91.75 0.2104 0.3658
   71.61 0.7536
16 92.04 0.2049 0.4168
   73.32 0.7635
17 92.58 0.1950 0.3833
   80.76 0.4922
18 92.77 0.1909 0.3467
   81.73 0.4585
19 92.76 0.1857 0.2645
   81.84 0.4690
20 93.04 0.1806 0.3083
   72.20 0.8099
21 93.38 0.1731 0.2887
   72.07 0.8462
22 93.95 0.1647 0.2699
   80.54 0.5020
23 94.34 0.1575 0.2976
   53.04 3.0246
24 94.01 0.1589 0.2822
   78.26 0.5935
25 94.86 0.1452 0.3426
   84.07 0.4180
26 94.80 0.1445 0.3478
   59.42 1.9088
27 95.27 0.1352 0.2932
   72.39 0.9754
28 95.40 0.1302 0.3317
   83.40 0.4754
29 95.85 0.1223 0.3652
   56.03 2.6582
30 95.84 0.1223 0.3617
   83.88 0.4368
31 96.06 0.1162 0.3091
   82.27 0.4812
32 96.52 0.1072 0.2867
   78.67 0.7112
33 96.41 0.1080 0.3182
   65.00 1.3883
34 96.16 0.1106 0.2688
   75.85 0.8770
35 96.54 0.1011 0.2329
   83.24 0.5095
36 96.80 0.1005 0.2835
   59.56 2.2735
37 96.30 0.1071 0.2865
   56.86 2.6033
38 96.82 0.0966 0.2939
   83.14 0.4987
39 97.55 0.0831 0.2864
   64.55 1.8442
40 97.76 0.0789 0.2819
   77.68 0.7512
41 97.63 0.0801 0.3013
   83.62 0.4899
42 98.02 0.0701 0.2821
   82.26 0.5646
43 98.09 0.0682 0.2666
   62.39 1.9702
44 97.44 0.0800 0.2341
   83.30 0.5252
45 97.80 0.0724 0.3333
   68.80 1.4321
46 98.17 0.0649 0.3360
   63.02 1.9558
47 98.47 0.0594 0.3477
   75.76 0.9475
48 98.06 0.0640 0.2984
   80.17 0.7181
49 98.10 0.0662 0.2426
   76.08 0.9868
